0, 0.00                                                                                                                                
 0, -0.12                                                                                                                              
 1, 0.00                                                                                                                               
 1, -0.09                                                                                                                              
 2, 0.00                                                                                                                               
 2, -0.06                                                                                                                              
 3, 0.00                                                                                                                               
 3, -0.05                                                                                                                              
 4, 0.00                                                                                                                               
 4, -0.04                                                                                                                              
 5, 0.00                                                                                                                               
 5, -0.03                                                                                                                              
 6, 0.00                                                                                                                               
 6, -0.02                                                                                                                              
 7, 0.00                                                                                                                               
 7, -0.02                                                                                                                              
 8, 0.00                                                                                                                               
 8, -0.01                                                                                                                              
 9, 0.00                                                                                                                               
 9, 0.09                                                                                                                               
 10, 0.00                                                                                                                              
 10, 0.07                                                                                                                              
 11, 0.00                                                                                                                              
 11, 0.05                                                                                                                              
 12, 0.00                                                                                                                              
 12, 0.14                                                                                                                              
 13, 1.88                                                                                                                              
 13, 0.10                                                                                                                              
 14, 7.76                                                                                                                              
 14, 0.08                                                                                                                              
 15, 23.48                                                                                                                             
 15, 0.06                                                                                                                              
 16, 45.88                                                                                                                             
 16, 0.34                                                                                                                              
 17, 84.71                                                                                                                             
 17, 0.65                                                                                                                              
 18, 134.07                                                                                                                            
 18, 12.20                                                                                                                             
 19, 188.75                                                                                                                            
 19, 44.76                                                                                                                             
 20, 248.40                                                                                                                            
 20, 96.17                                                                                                                             
 21, 310.41                                                                                                                            
 21, 157.84                                                                                                                            
 22, 373.88                                                                                                                            
 22, 227.11                                                                                                                            
 23, 439.04                                                                                                                            
 23, 299.90                                                                                                                            
 24, 504.18                                                                                                                            
 24, 372.74                                                                                                                            
 25, 567.42                                                                                                                            
 25, 444.04                                                                                                                            
 26, 629.73                                                                                                                            
 26, 513.39                                                                                                                            
 27, 689.46                                                                                                                            
 27, 579.98                                                                                                                            
 28, 746.16                                                                                                                            
 28, 642.82                                                                                                                            
 29, 800.89                                                                                                                            
 29, 700.57                                                                                                                            
 30, 854.74                                                                                                                            
 30, 754.40                                                                                                                            
 31, 905.74                                                                                                                            
 31, 805.78                                                                                                                            
 32, 955.69                                                                                                                            
 32, 855.13                                                                                                                            
 33, 1003.38                                                                                                                           
 33, 901.96                                                                                                                            
 34, 1050.45                                                                                                                           
 34, 946.21                                                                                                                            
 35, 1095.28                                                                                                                           
 35, 987.93                                                                                                                            
 36, 1136.34                                                                                                                           
 36, 1028.05                                                                                                                           
 37, 1170.71                                                                                                                           
 37, 1066.67                                                                                                                           
 38, 1201.64                                                                                                                           
 38, 1103.48                                                                                                                           
 39, 1232.98                                                                                                                           
 39, 1137.63                                                                                                                           
 40, 1265.21                                                                                                                           
 40, 1170.09                                                                                                                           
 41, 1297.02                                                                                                                           
 41, 1200.28                                                                                                                           
 42, 1329.31                                                                                                                           
 42, 1228.98                                                                                                                           
 43, 1359.58                                                                                                                           
 43, 1255.86                                                                                                                           
 44, 1388.14                                                                                                                           
 44, 1281.08                                                                                                                           
 45, 1414.52                                                                                                                           
 45, 1304.96                                                                                                                           
 46, 1439.26                                                                                                                           
 46, 1327.43                                                                                                                           
 47, 1462.98                                                                                                                           
 47, 1349.04                                                                                                                           
 48, 1484.93                                                                                                                           
 48, 1370.02                                                                                                                           
 49, 1506.26                                                                                                                           
 49, 1390.41                                                                                                                           
 50, 1526.72                                                                                                                           
 50, 1410.66                                                                                                                           
 51, 1547.12                                                                                                                           
 51, 1431.01                                                                                                                           
 52, 1567.38                                                                                                                           
 52, 1449.75                                                                                                                           
 53, 1587.54                                                                                                                           
 53, 1468.76                                                                                                                           
 54, 1605.24                                                                                                                           
 54, 1486.29                                                                                                                           
 55, 1621.49                                                                                                                           
 55, 1503.81                                                                                                                           
 56, 1636.16                                                                                                                           
 56, 1521.90                                                                                                                           
 57, 1649.54                                                                                                                           
 57, 1540.63                                                                                                                           
 58, 1662.45                                                                                                                           
 58, 1558.55                                                                                                                           
 59, 1676.01                                                                                                                           
 59, 1575.86                                                                                                                           
 60, 1690.63                                                                                                                           
 60, 1592.71                                                                                                                           
 61, 1704.68                                                                                                                           
 61, 1608.12                                                                                                                           
 62, 1717.20                                                                                                                           
 62, 1622.86                                                                                                                           
 63, 1730.76                                                                                                                           
 63, 1637.88                                                                                                                           
 64, 1742.41                                                                                                                           
 64, 1653.11                                                                                                                           
 65, 1752.84                                                                                                                           
 65, 1668.60                                                                                                                           
 66, 1762.35                                                                                                                           
 66, 1682.80                                                                                                                           
 67, 1771.76                                                                                                                           
 67, 1697.02                                                                                                                           
 68, 1780.01                                                                                                                           
 68, 1711.65                                                                                                                           
 69, 1789.47                                                                                                                           
 69, 1726.40                                                                                                                           
 70, 1798.95                                                                                                                           
 70, 1742.22                                                                                                                           
 71, 1808.44                                                                                                                           
 71, 1757.56                                                                                                                           
 72, 1820.32                                                                                                                           
 72, 1774.42                                                                                                                           
 73, 1832.00                                                                                                                           
 73, 1792.42                                                                                                                           
 74, 1844.74                                                                                                                           
 74, 1810.19                                                                                                                           
 75, 1858.75                                                                                                                           
 75, 1829.37                                                                                                                           
 76, 1875.02                                                                                                                           
 76, 1848.51                                                                                                                           
 77, 1890.19                                                                                                                           
 77, 1868.23                                                                                                                           
 78, 1906.93                                                                                                                           
 78, 1887.58                                                                                                                           
 79, 1924.74                                                                                                                           
 79, 1907.45                                                                                                                           
 80, 1940.08                                                                                                                           
 80, 1925.93                                                                                                                           
 81, 1956.55                                                                                                                           
 81, 1942.76                                                                                                                           
 82, 1971.88                                                                                                                           
 82, 1959.95                                                                                                                           
 83, 1986.75                                                                                                                           
 83, 1977.20                                                                                                                           
 84, 2002.86                                                                                                                           
 84, 1994.81                                                                                                                           
 85, 2019.80                                                                                                                           
 85, 2011.08                                                                                                                           
 86, 2036.38                                                                                                                           
 86, 2026.57                                                                                                                           
 87, 2050.80                                                                                                                           
 87, 2043.64                                                                                                                           
 88, 2062.50                                                                                                                           
 88, 2057.53                                                                                                                           
 89, 2068.90                                                                                                                           
 89, 2067.35                                                                                                                           
 90, 2073.30                                                                                                                           
 90, 2073.53                                                                                                                           
 91, 2076.41                                                                                                                           
 91, 2078.56                                                                                                                           
 92, 2076.45                                                                                                                           
 92, 2082.13                                                                                                                           
 93, 2078.37                                                                                                                           
 93, 2084.42                                                                                                                           
 94, 2078.32                                                                                                                           
 94, 2086.43                                                                                                                           
 95, 2078.28                                                                                                                           
 95, 2084.56                                                                                                                           
 96, 2077.56                                                                                                                           
 96, 2083.07                                                                                                                           
 97, 2077.62                                                                                                                           
 97, 2081.74                                                                                                                           
 98, 2076.27                                                                                                                           
 98, 2080.75                                                                                                                           
 99, 2076.05                                                                                                                           
 99, 2081.20                                                                                                                           
 100, 2073.80                                                                                                                          
          100, 2082.33                                                                                                                 
          101, 2072.61                                                                                                                 
          101, 2082.08                                                                                                                 
          102, 2069.24                                                                                                                 
          102, 2080.31                                                                                                                 
          103, 2068.50                                                                                                                 
          103, 2079.18                                                                                                                 
          104, 2065.36                                                                                                                 
          104, 2078.34                                                                                                                 
          105, 2064.00                                                                                                                 
          105, 2077.80                                                                                                                 
          106, 2061.30                                                                                                                 
          106, 2075.71                                                                                                                 
          107, 2059.46                                                                                                                 
          107, 2074.14                                                                                                                 
          108, 2058.29                                                                                                                 
          108, 2071.48                                                                                                                 
          109, 2056.41                                                                                                                 
          109, 2070.48                                                                                                                 
          110, 2054.71                                                                                                                 
          110, 2067.74                                                                                                                 
          111, 2054.13                                                                                                                 
          111, 2064.69                                                                                                                 
          112, 2052.80                                                                                                                 
          112, 2063.80                                                                                                                 
          113, 2050.81                                                                                                                 
          113, 2063.03                                                                                                                 
          114, 2050.21                                                                                                                 
          114, 2061.85                                                                                                                 
          115, 2048.37                                                                                                                 
          115, 2061.07                                                                                                                 
          116, 2047.99                                                                                                                 
          116, 2059.69                                                                                                                 
          117, 2047.89                                                                                                                 
          117, 2059.75                                                                                                                 
          118, 2044.85                                                                                                                 
          118, 2058.90                                                                                                                 
          119, 2043.26                                                                                                                 
          119, 2057.77                                                                                                                 
          120, 2042.96                                                                                                                 
          120, 2054.83                                                                                                                 
          121, 2042.74                                                                                                                 
          121, 2053.92                                                                                                                 
          122, 2040.78                                                                                                                 
          122, 2053.64                                                                                                                 
          123, 2039.91                                                                                                                 
          123, 2052.23                                                                                                                 
          124, 2038.37                                                                                                                 
          124, 2051.38                                                                                                                 
          125, 2036.91                                                                                                                 
          125, 2048.95                                                                                                                 
          126, 2034.43                                                                                                                 
          126, 2048.22                                                                                                                 
          127, 2033.06                                                                                                                 
          127, 2046.68  